name = 20220403T234701
time = 2022-04-03 23:47:01.661
latitude = 40.843596675
longitude = 14.1593174577
magnitude = 3.48667
moment = 1.90546e+14
depth = 2966.164324
mnn = 0
mee = 0
mdd = 0
mne = 0
mnd = 1.90546e+14
med = -0.0233352
strike1 = 90
dip1 = 90
rake1 = 90
strike2 = 180
dip2 = 0
rake2 = -0
--------------------------------------------
