name = flegrei_synth_20250226T232916
time = 2025-02-26 23:29:16.270
latitude = 40.8371738161
longitude = 14.0775141712
magnitude = 3.93214
moment = 8.87572e+14
depth = 2667.445608
mnn = 0
mee = 0
mdd = 0
mne = 0
mnd = 8.87572e+14
med = -0.108696
strike1 = 90
dip1 = 90
rake1 = 90
strike2 = 180
dip2 = 1.20742e-06
rake2 = -0
--------------------------------------------
